Will file work?: (1 is True, 0 is False): 1
Loaded image with a width of 10px, a height of 10px and 3 channels
rows: 10
cols: 10
255, 253, 255, 253, 254, 1, 253, 255, 255, 
255, 255, 253, 255, 253, 254, 1, 253, 255, 255, 
255, 255, 253, 255, 253, 254, 1, 253, 255, 255, 
255, 255, 253, 255, 253, 254, 1, 253, 255, 255, 
255, 255, 253, 255, 253, 254, 1, 253, 255, 255, 
255, 255, 253, 255, 253, 254, 1, 253, 255, 255, 
255, 255, 253, 255, 253, 254, 1, 253, 255, 255, 
255, 255, 253, 255, 253, 254, 1, 253, 255, 255, 
255, 255, 254, 254, 254, 255, 0, 255, 255, 255, 
255, 255, 254, 254, 254, 255, 0, 255, 255, 255, 
255, 

255, 253, 255, 253, 254, 1, 253, 255, 255, 
255, 255, 253, 255, 253, 254, 1, 253, 255, 255, 
255, 255, 253, 255, 253, 254, 1, 253, 255, 255, 
255, 255, 253, 255, 253, 254, 1, 253, 255, 255, 
255, 255, 253, 255, 253, 254, 1, 253, 255, 255, 
255, 255, 253, 255, 253, 254, 1, 253, 255, 255, 
255, 255, 253, 255, 253, 254, 1, 253, 255, 255, 
255, 255, 253, 255, 253, 254, 1, 253, 255, 255, 
255, 255, 254, 254, 254, 255, 0, 255, 255, 255, 
255, 255, 254, 254, 254, 255, 0, 255, 255, 255, 
255, 